00000000
00000000
00000000
00000000
00000000
00000000
00000000
00000000
00000000
00000000
00000000
00000000
00000000
00000000
00000000
00000000
00000000
00000000
00000000
00000000
00000000
00000000
00000000
00000000
00000000
00000000
00000000
00000000
00000000
00000000
00000000
00000000
00000000
00000000
00000000
00000000
00000000
00000000
00000000
00000000
00000000
00000000
00000000
00000000
00000000
00000000
00000000
00000000
00000000
00000000
00000000
00000000
00000000
00000000
00000000
00000000
00000000
00000000
00000000
00000000
00000000
00000000
00000000
00000000
00000000
00110100
00111000
00000010
00000000
00000000
00000000
00000000
00000000
00000000
00000000
00000000
00000000
00000000
00000000
00000000
00000000
00000000
00000000
00000000
00000000
00000000
00000000
00000000
00000000
00000000
00000000
00000000
00101010
01111110
01111110
00001110
00000000
00000000
00000000
00000000
00000000
00000000
00000000
00000000
00000000
00000000
00000000
00000000
00000000
00000000
00000000
00000000
00000000
00000000
00000000
00000000
00000000
00000000
00000000
00000000
01010000
01111110
01111110
00001110
00000000
00000000
00000000
00000000
00000000
00000000
00000000
00000000
00000000
00000000
00000000
00000000
00000000
00000000
00000000
00000000
00000000
00000000
00000000
00000000
00000000
00000000
00000000
00000000
01011001
01111110
01111110
01000011
00000000
00000000
00000000
00000000
00000000
00000000
00000000
00000000
00000000
00000000
00000000
00000000
00000000
00000000
00000000
00000000
00000000
00000000
00000000
00000000
00000000
00000000
00000000
00011100
01111010
01111110
01111110
00110010
00000000
00000000
00000000
00000000
00000000
00000000
00000000
00000000
00000000
00000000
00000000
00000000
00000000
00000000
00000000
00000000
00000000
00000000
00000000
00000000
00000000
00000000
00000000
00100110
01111110
01111110
01101100
00000111
00000000
00000000
00000000
00000000
00000000
00000000
00000000
00000000
00000000
00000000
00000000
00000000
00000000
00000000
00000000
00000000
00000000
00000000
00000000
00000000
00000000
00000000
00000000
01001000
01111110
01111110
01001100
00000000
00000000
00000000
00000000
00000000
00000000
00000000
00000000
00000000
00000000
00000000
00000000
00000000
00000000
00000000
00000000
00000000
00000000
00000000
00000000
00000000
00000000
00000000
00001111
01110110
01111110
01111110
00100000
00000000
00000000
00000000
00000000
00000000
00000000
00000000
00000000
00000000
00000000
00000000
00000000
00000000
00000000
00000000
00000000
00000000
00000000
00000000
00000000
00000000
00000000
00000000
01000100
01111110
01111110
01110100
00010000
00000000
00000000
00000000
00000000
00000000
00000000
00000000
00000110
00110100
00111110
00101000
00111110
00100000
00000110
00000000
00000000
00000000
00000000
00000000
00000000
00000000
00000000
00000000
01001001
01111110
01111110
01011110
00000000
00000000
00000000
00000000
00000000
00000000
00001100
00011110
01110000
01111110
01111110
01111110
01111110
01111110
01110010
00001100
00000000
00000000
00000000
00000000
00000000
00000000
00000000
00000000
01011100
01111110
01111110
00100000
00000000
00000000
00000000
00000000
00000000
00101010
01110000
01111101
01111110
01111110
01111110
01111110
01111110
01111110
01111110
00111110
00000000
00000000
00000000
00000000
00000000
00000000
00000000
00000000
01111111
01111110
01111100
00000000
00000000
00000000
00000000
00000000
00101000
01111100
01111110
01111110
01010000
00101001
00001000
00001000
00011110
01111110
01111110
01100100
00000000
00000000
00000000
00000000
00000000
00000000
00000000
00000000
01111111
01111110
01111100
00000000
00000000
00000000
00000000
00000000
01110100
01111110
01110100
01000010
00000000
00000000
00000000
00000000
00000000
01111100
01111110
01110010
00000000
00000000
00000000
00000000
00000000
00000000
00000000
00000000
01111111
01111110
01111101
00010100
00000000
00000000
00000000
00100100
01111101
01111110
01010000
00000000
00000000
00000000
00000000
00000000
00010100
01111110
01111110
01001000
00000000
00000000
00000000
00000000
00000000
00000000
00000000
00000000
01100010
01111110
01111110
01101001
00000100
00000000
00000000
00101100
01111110
01111110
01010000
00000000
00000000
00000000
00001000
00101010
01111100
01111110
01111011
00101010
00000000
00000000
00000000
00000000
00000000
00000000
00000000
00000000
01001001
01111110
01111110
01111110
00111000
00010010
00000000
00001110
01111000
01111110
01011100
00000010
00000000
00011010
01101010
01111110
01111110
01111110
00110111
00000000
00000000
00000000
00000000
00000000
00000000
00000000
00000000
00000000
00001100
01100010
01111110
01111110
01111110
01110101
01011111
00110100
01111000
01111110
01111110
01101011
01101010
01111010
01111110
01111110
01111110
01011011
00000110
00000000
00000000
00000000
00000000
00000000
00000000
00000000
00000000
00000000
00000000
00100010
01110110
01111110
01111110
01111110
01111110
01111110
01111110
01111110
01111110
01111110
01111110
01111110
01111110
01111010
01011000
00000010
00000000
00000000
00000000
00000000
00000000
00000000
00000000
00000000
00000000
00000000
00000000
00000000
00010010
01100010
01111110
01111110
01111110
01111110
01111110
01111110
01111110
01111110
01111110
01110001
00111111
00011100
00000000
00000000
00000000
00000000
00000000
00000000
00000000
00000000
00000000
00000000
00000000
00000000
00000000
00000000
00000000
00000100
00010010
00101100
01001000
01001000
01001000
01001000
01001000
01000100
00010010
00001100
00000000
00000000
00000000
00000000
00000000
00000000
00000000
00000000
00000000
00000000
00000000
00000000
00000000
00000000
00000000
00000000
00000000
00000000
00000000
00000000
00000000
00000000
00000000
00000000
00000000
00000000
00000000
00000000
00000000
00000000
00000000
00000000
00000000
00000000
00000000
00000000
00000000
00000000
00000000
00000000
00000000
00000000
00000000
00000000
00000000
00000000
00000000
00000000
00000000
00000000
00000000
00000000
00000000
00000000
00000000
00000000
00000000
00000000
00000000
00000000
00000000
00000000
00000000
00000000
00000000
00000000
00000000
00000000
00000000
00000000
00000000
00000000
00000000
00000000
00000000
00000000
00000000
00000000
00000000
00000000
00000000
00000000
00000000
00000000
00000000
00000000
00000000
00000000
00000000
00000000
00000000
00000000
00000000
00000000
00000000
00000000
00000000
00000000
00000000
00000000
00000000
00000000
00000000
00000000
00000000
00000000
00000000
00000000
00000000
00000000
00000000
00000000
00000000
00000000
00000000
00000000
00000000
00000000
00000000
00000000
00000000
00000000
00000000
00000000
00000000
00000000
00000000
00000000
00000000
00000000
00000000
00000000
00000000
00000000
00000000
00000000
00000000
00000000
00000000
00000000
00000000
00000000
00000000
00000000
00000000
00000000
00000000
00000000
00000000
00000000
00000000
00000000
00000000
00000000
00000000
00000000
00000000
00000000
00000000
00000000
00000000
00000000
00000000
00000000
00000000
00000000
00000000
00000000
00000000
00000000
00000000
00000000
00000000
00000000
00000000
00000000
