00000000
00000000
00000000
00000000
00000000
00000000
00000000
00000000
00000000
00000000
00000000
00000000
00000000
00000000
00000000
00000000
00000000
00000000
00000000
00000000
00000000
00000000
00000000
00000000
00000000
00000000
00000000
00000000
00000000
00000000
00000000
00000000
00000000
00000000
00000000
00000000
00000000
00000000
00000000
00000000
00000000
00000000
00000000
00000000
00000000
00000000
00000000
00000000
00000000
00000000
00000000
00000000
00000000
00000000
00000000
00000000
00000000
00000000
00000000
00000000
00000000
00000000
00000000
00000000
00000000
00000000
00000000
00000000
00000000
00000000
00000000
00000000
00000000
00000000
00000000
00000000
00000000
00000000
00000000
00000000
00000000
00000000
00000000
00000000
00000000
00000000
00000000
00000000
00000000
00000000
00000000
00000000
00000000
00000000
00000000
00000000
00000000
00000000
00000000
00000000
00000000
00000000
00000000
00000000
00000000
00000000
00000000
00000000
00000000
00000000
00000000
00000000
00000000
00000000
00000000
00000000
00000000
00000000
00000000
00000000
00000000
00000000
00000000
00000000
00000000
00000000
00000000
00000000
00000000
00000000
00011000
01001100
01110110
01110110
00111101
00000000
00000000
00000000
00000000
00000000
00000000
00000000
00000000
00000000
00000000
00000000
00000000
00000000
00000000
00000000
00000000
00000000
00000000
00000000
00000000
00000000
00001100
01101011
01110101
01111111
01111111
01010000
00010001
00000000
00000000
00000000
00000000
00000000
00000000
00000000
00000000
00000000
00000000
00000000
00000000
00000000
00000000
00000000
00000000
00000000
00000000
00000000
00000000
00111000
01100100
01111111
01111111
01011000
00011110
00000110
00000000
00000000
00000000
00000000
00000000
00000000
00000000
00000000
00000000
00000000
00000000
00000000
00000000
00000000
00000000
00000000
00000000
00000000
00000000
00000000
01000110
01011110
01111111
01110100
00101001
00011000
00000000
00000000
00000000
00000000
00000000
00000000
00000000
00000000
00000000
00000000
00000000
00000000
00000000
00000000
00000000
00000000
00000000
00000000
00000000
00000100
00100110
01001100
01110110
01111110
01110001
00010110
00000000
00000000
00000000
00000000
00000000
00000000
00000000
00000000
00000000
00000000
00000000
00000000
00000000
00000000
00000000
00000000
00000000
00000000
00000000
00000000
00101000
01100010
01111111
01111111
01101110
00110010
00000000
00000000
00000000
00000000
00000000
00000000
00000000
00000000
00000000
00000000
00000000
00000000
00000000
00000000
00000000
00000000
00000000
00000000
00000000
00000000
00000000
00100110
01100010
01111111
01111111
01001110
00110100
00000000
00000000
00000000
00000000
00000000
00000000
00000000
00000000
00000000
00000000
00000000
00000000
00000000
00000000
00000000
00000000
00000000
00000000
00000000
00000000
00000000
00100010
01100101
01111111
01111111
01101100
00101110
00000000
00000000
00011110
00101110
00101110
00101110
00101110
00111110
00111010
00000000
00000000
00000000
00000000
00000000
00000000
00000000
00000000
00000000
00000000
00000000
00000000
00001010
01000100
01111111
01111111
01111111
00010000
00100000
00100011
01010101
01110111
01111111
01111111
01111111
01111111
01111111
01111100
01100010
00010000
00000000
00000000
00000000
00000000
00000000
00000000
00000000
00000000
00000000
00000000
00110100
01111111
01111111
01111111
01111111
01011110
01111100
01111111
01111111
01111111
01111111
01111111
01111111
01111111
01111111
01111111
01111111
01100000
00000000
00000000
00000000
00000000
00000000
00000000
00000000
00000000
00000000
00000110
01101110
01111111
01111111
01111111
01111111
01111111
01111111
01111111
01110101
01110010
01001010
00101100
00101100
01000111
01111111
01111111
01111111
01100000
00000000
00000000
00000000
00000000
00000000
00000000
00000000
00000000
00000000
00110010
01111111
01111111
01111111
01111111
01111111
01111100
01111100
01000100
00001111
00000000
00000000
00000000
00000000
00101100
01111111
01111111
01111111
01011110
00000000
00000000
00000000
00000000
00000000
00000000
00000000
00000000
00000000
01110110
01111111
01111111
01111111
01111100
01000001
00000010
00000000
00000000
00000000
00000000
00000000
00000000
00111100
01110111
01111111
01111111
01110101
00000000
00000000
00000000
00000000
00000000
00000000
00000000
00000000
00000000
00111000
01111111
01111111
01110100
01000010
00000110
00000000
00000000
00000000
00000000
00000000
00000110
00110110
01111001
01111111
01111111
01111111
01110111
00100000
00000000
00000000
00000000
00000000
00000000
00000000
00000000
00000000
00000000
01100000
01111111
01111111
01101100
00101010
00101010
00101010
00101010
00101010
00111100
01101110
01110000
01111111
01111111
01111111
01011011
00100000
00001110
00000000
00000000
00000000
00000000
00000000
00000000
00000000
00000000
00000000
00000000
01010010
01101100
01111111
01111111
01111111
01111111
01111111
01111111
01111111
01111111
01111111
01111111
01111111
01110000
01000100
00000100
00000000
00000000
00000000
00000000
00000000
00000000
00000000
00000000
00000000
00000000
00000000
00000000
00000000
00101001
01101010
01111010
01111111
01111111
01111111
01111111
01111111
01111111
01111100
01101010
01000011
00010100
00000000
00000000
00000000
00000000
00000000
00000000
00000000
00000000
00000000
00000000
00000000
00000000
00000000
00000000
00000000
00000000
00000000
00100100
00110000
00110000
00110000
00110000
00110000
00110000
00100111
00000000
00000000
00000000
00000000
00000000
00000000
00000000
00000000
00000000
00000000
00000000
00000000
00000000
00000000
00000000
00000000
00000000
00000000
00000000
00000000
00000000
00000000
00000000
00000000
00000000
00000000
00000000
00000000
00000000
00000000
00000000
00000000
00000000
00000000
00000000
00000000
00000000
00000000
00000000
00000000
00000000
00000000
00000000
00000000
00000000
00000000
00000000
00000000
00000000
00000000
00000000
00000000
00000000
00000000
00000000
00000000
00000000
00000000
00000000
00000000
00000000
00000000
00000000
00000000
00000000
00000000
00000000
00000000
00000000
00000000
00000000
00000000
00000000
00000000
00000000
00000000
00000000
00000000
00000000
00000000
00000000
00000000
00000000
00000000
00000000
00000000
00000000
00000000
00000000
00000000
00000000
00000000
00000000
00000000
00000000
00000000
00000000
00000000
00000000
00000000
00000000
00000000
00000000
00000000
00000000
00000000
00000000
00000000
00000000
00000000
00000000
00000000
00000000
00000000
00000000
00000000
00000000
00000000
00000000
00000000
00000000
00000000
00000000
00000000
00000000
00000000
00000000
00000000
00000000
00000000
00000000
00000000
00000000
00000000
00000000
00000000
00000000
00000000
00000000
00000000
00000000
00000000
00000000
00000000
00000000
00000000
00000000
00000000
00000000
00000000
00000000
00000000
00000000
00000000
00000000
00000000
00000000
00000000
00000000
00000000
00000000
00000000
00000000
00000000
00000000
00000000
00000000
00000000
00000000
00000000
00000000
00000000
00000000
00000000
00000000
00000000
00000000
00000000
00000000
00000000
