00000000
00000000
00000000
00000000
00000000
00000000
00000000
00000000
00000000
00000000
00000000
00000000
00000000
00000000
00000000
00000000
00000000
00000000
00000000
00000000
00000000
00000000
00000000
00000000
00000000
00000000
00000000
00000000
00000000
00000000
00000000
00000000
00000000
00000000
00000000
00000000
00000000
00000000
00000000
00000000
00000000
00000000
00000000
00000000
00000000
00000000
00000000
00000000
00000000
00000000
00000000
00000000
00000000
00000000
00000000
00000000
00000000
00000000
00000000
00000000
00000000
00000000
00000000
00000000
00000000
00000000
00000000
00000000
00000000
00000000
00000000
00000000
00000000
00000000
00000000
00000000
00000000
00000000
00000000
00000000
00000000
00000000
00000000
00000000
00000000
00000000
00000000
00000000
00000000
00000000
00000000
00000000
00000000
00000000
00000000
00100011
01111111
01110110
00010100
00000000
00000000
00000000
00000000
00000000
00000000
00000000
00000000
00000000
00000000
00000000
00000000
00000000
00000000
00000000
00000000
00000000
00000000
00000000
00000000
00000000
00000000
00000000
00010000
01100011
01111110
01110010
00001111
00000000
00000000
00000000
00000000
00000000
00000000
00000000
00000000
00000000
00000000
00000000
00000000
00000000
00000000
00000000
00000000
00000000
00000000
00000000
00000000
00000000
00000000
00101011
01111010
01111110
01111100
01010100
00000000
00000000
00000000
00000000
00000000
00000000
00000000
00000000
00000000
00000000
00000000
00000000
00000000
00000000
00000000
00000000
00000000
00000000
00000000
00000000
00000000
00000000
00101100
01111001
01111110
01111110
01010010
00000000
00000000
00000000
00000000
00000000
00000000
00000000
00000000
00000000
00000000
00000000
00000000
00000000
00000000
00000000
00000000
00000000
00000000
00000000
00000000
00000000
00000000
00010110
01111001
01111110
01111110
00110111
00000000
00000000
00000000
00000000
00000000
00000000
00000000
00000000
00000000
00000000
00000000
00000000
00000000
00000000
00000000
00000000
00000000
00000000
00000000
00000000
00000000
00000000
00001000
01100000
01111110
01111110
00011011
00000001
00000000
00000000
00000000
00000000
00000000
00000000
00000000
00000000
00000000
00000000
00000000
00000000
00000000
00000000
00000000
00000000
00000000
00000000
00000000
00000000
00000000
00000000
01001010
01111110
01111110
01111110
00001110
00000000
00000000
00000000
00000000
00000000
00000000
00000000
00000000
00000000
00000000
00000000
00000000
00000000
00000000
00000000
00000000
00000000
00000000
00000000
00000000
00000000
00000000
00000101
01101001
01111110
01111110
01001100
00000000
00000000
00000000
00000000
00000000
00000000
00000000
00000000
00000000
00000000
00000110
00000000
00000000
00000000
00000000
00000000
00000000
00000000
00000000
00000000
00000000
00000000
00000000
00001001
01111110
01111110
01111001
00010100
00000000
00000000
00000000
00000000
00000000
00000000
00000000
00000000
00001110
01010000
01100110
01010000
00110110
00000000
00000000
00000000
00000000
00000000
00000000
00000000
00000000
00000000
00000000
00001001
01111110
01111110
01011011
00000000
00000000
00000000
00000000
00000000
00000000
00000000
00000000
00110110
01101100
01111110
01111110
01111110
01110010
01000001
00000010
00000000
00000000
00000000
00000000
00000000
00000000
00000000
00000000
00001001
01111110
01111110
01110110
00010010
00000000
00000000
00000000
00000000
00000000
00000000
00001110
01110111
01111110
01111110
01111110
01111110
01111110
01111110
00001000
00000000
00000000
00000000
00000000
00000000
00000000
00000000
00000000
00000010
01010101
01111110
01111110
01001001
00000000
00000000
00000000
00000000
00000000
00001110
01101000
01111110
01111110
01111001
00101001
01100001
01111110
01010100
00000010
00000000
00000000
00000000
00000000
00000000
00000000
00000000
00000000
00000000
00110011
01111110
01111110
01100110
00000110
00000000
00000000
00000000
00000000
01000000
01111110
01111110
01011111
00001010
00001011
01101011
01111110
00110010
00000000
00000000
00000000
00000000
00000000
00000000
00000000
00000000
00000000
00000000
00000000
01010100
01111110
01111110
00010010
00000000
00000000
00000001
01011001
01111110
01111110
01011111
00000010
00000000
00110110
01111110
01111100
00010000
00000000
00000000
00000000
00000000
00000000
00000000
00000000
00000000
00000000
00000000
00000000
00001100
01101100
01111110
01101000
00001010
00000111
01010010
01111110
01111110
01111001
00001010
00000001
00010110
01101100
01111110
01010101
00000000
00000000
00000000
00000000
00000000
00000000
00000000
00000000
00000000
00000000
00000000
00000000
00000000
00111000
01111110
01111110
01101001
00111100
01111110
01111110
01111110
01011000
00011000
01010100
01111110
01111110
01111000
01000101
00000000
00000000
00000000
00000000
00000000
00000000
00000000
00000000
00000000
00000000
00000000
00000000
00000000
00100100
01111110
01111110
01111110
01111110
01111110
01111110
01111110
01111110
01111110
01111110
01111110
01111110
01001111
00000000
00000000
00000000
00000000
00000000
00000000
00000000
00000000
00000000
00000000
00000000
00000000
00000000
00000000
00001000
00101111
01111010
01111110
01111110
01111110
01111110
01111110
01111110
01111110
01111110
01111010
01001010
00001000
00000000
00000000
00000000
00000000
00000000
00000000
00000000
00000000
00000000
00000000
00000000
00000000
00000000
00000000
00000000
00000000
00101000
01001100
01101000
01111110
01111110
01111110
01111110
01101000
00101110
00010000
00000000
00000000
00000000
00000000
00000000
00000000
00000000
00000000
00000000
00000000
00000000
00000000
00000000
00000000
00000000
00000000
00000000
00000000
00000000
00000000
00001010
01011111
01101101
01011010
00001000
00000101
00000000
00000000
00000000
00000000
00000000
00000000
00000000
00000000
00000000
00000000
00000000
00000000
00000000
00000000
00000000
00000000
00000000
00000000
00000000
00000000
00000000
00000000
00000000
00000000
00000000
00000000
00000000
00000000
00000000
00000000
00000000
00000000
00000000
00000000
00000000
00000000
00000000
00000000
00000000
00000000
00000000
00000000
00000000
00000000
00000000
00000000
00000000
00000000
00000000
00000000
00000000
00000000
00000000
00000000
00000000
00000000
00000000
00000000
00000000
00000000
00000000
00000000
00000000
00000000
00000000
00000000
00000000
00000000
00000000
00000000
00000000
00000000
00000000
00000000
00000000
00000000
00000000
00000000
00000000
00000000
00000000
00000000
00000000
00000000
00000000
00000000
00000000
00000000
00000000
00000000
00000000
00000000
00000000
00000000
00000000
00000000
00000000
00000000
00000000
00000000
00000000
00000000
00000000
00000000
00000000
00000000
00000000
00000000
00000000
00000000
00000000
00000000
00000000
00000000
00000000
00000000
00000000
00000000
00000000
00000000
00000000
00000000
00000000
00000000
00000000
00000000
00000000
00000000
00000000
00000000
00000000
00000000
00000000
00000000
00000000
00000000
00000000
00000000
00000000
00000000
00000000
00000000
00000000
00000000
00000000
00000000
00000000
00000000
00000000
00000000
