00000000
00000000
00000000
00000000
00000000
00000000
00000000
00000000
00000000
00000000
00000000
00000000
00000000
00000000
00000000
00000000
00000000
00000000
00000000
00000000
00000000
00000000
00000000
00000000
00000000
00000000
00000000
00000000
00000000
00000000
00000000
00000000
00000000
00000000
00000000
00000000
00000000
00000000
00000000
00000000
00000000
00000000
00000000
00000000
00000000
00000000
00000000
00000000
00000000
00000000
00000000
00000000
00000000
00000000
00000000
00000000
00000000
00000000
00000000
00000000
00000000
00000000
00000000
00000000
00000000
00000000
00000000
00000000
00000000
00000000
00000000
00000000
00000000
00000000
00000000
00000000
00000000
00000000
00000000
00000000
00000000
00000000
00000000
00000000
00000000
00000000
00000000
00000000
00000000
00000000
00000000
00000000
00000000
00000000
00000000
00000000
00000000
00000000
00000000
00000000
00000000
00000000
00000000
00000000
00000000
00000000
00000000
00000000
00000000
00000000
00000000
00000000
00000000
00000000
00000000
00000000
00000000
00000000
00000000
00000000
00000000
00000000
00000000
00100000
00110111
00110110
01101010
01111110
00110111
00100111
00000000
00000000
00000000
00000000
00000000
00000000
00000000
00000000
00000000
00000000
00000000
00000000
00000000
00000000
00000000
00000000
00000000
00000000
00010000
00100100
01011000
01110110
01111110
01111110
01111110
01111110
01111110
01111001
01101100
01000011
00000000
00000000
00000000
00000000
00000000
00000000
00000000
00000000
00000000
00000000
00000000
00000000
00000000
00000000
01000001
01011010
01101010
01111110
01111110
01111110
01111110
01111110
01111110
01111110
01111110
01111110
01111110
01111110
00111100
00000010
00000000
00000000
00000000
00000000
00000000
00000000
00000000
00000000
00000000
00000000
00000000
00000000
01011010
01111110
01111110
01111110
01111110
01111110
00110110
00110110
00110110
00110110
00110110
01110100
01111110
01111110
01111110
00010010
00000000
00000000
00000000
00000000
00000000
00000000
00000000
00000000
00000000
00000000
00000000
00000000
00111100
01111110
01100110
00001010
00000000
00000000
00000000
00000000
00000000
00000000
00000000
00010101
01101110
01111110
01111110
00110001
00000000
00000000
00000000
00000000
00000000
00000000
00000000
00000000
00000000
00000000
00000000
00000000
00000010
00010010
00001010
00000000
00000000
00000000
00000000
00000000
00000000
00000000
00000000
00000000
00011100
01111110
01111110
01011010
00000000
00000000
00000000
00000000
00000000
00000000
00000000
00000000
00000000
00000000
00000000
00000000
00000000
00000000
00000000
00000000
00000000
00000000
00000000
00000000
00000000
00000000
00000000
00000000
00010010
01111110
01111110
01011010
00000000
00000000
00000000
00000000
00000000
00000000
00000000
00000000
00000000
00000000
00000000
00000000
00000000
00000000
00000000
00000000
00000000
00000000
00000000
00000000
00000000
00000000
00000000
00000000
00010010
01111110
01111110
00110000
00000000
00000000
00000000
00000000
00000000
00000000
00000000
00000000
00000000
00000000
00000000
00000000
00000000
00000000
00000000
00000000
00000000
00000000
00000000
00000000
00000000
00000000
00000000
00010000
01101010
01111110
01111111
00010010
00000000
00000000
00000000
00000000
00000000
00000000
00000000
00000000
00000000
00000000
00000000
00000000
00000000
00000000
00000000
00000000
00000000
00000000
00000000
00000000
00000000
00000000
00000000
00100100
01111110
01111110
01111110
00010010
00000000
00000000
00000000
00000000
00000000
00000000
00000000
00000000
00000000
00000000
00000000
00000000
00000000
00000000
00001000
00000010
00000000
00000000
00000000
00000000
00000000
00000000
00000000
00101111
01111110
01111110
01110110
00001111
00000000
00000000
00000000
00000000
00000000
00000000
00000000
00000000
00000000
00000000
00000000
00000000
00110100
01001000
01100000
01010000
01001000
01001000
01001000
01001000
00010100
00000000
00000000
01101100
01111110
01111110
01001000
00000000
00000000
00000000
00000000
00000000
00000000
00000000
00000000
00000000
00000000
00000000
00000000
01000100
01111110
01111110
01111110
01111110
01111110
01111110
01111111
01111110
01111110
01111110
01111111
01111110
01111110
01111110
00000000
00000000
00000000
00000000
00000000
00000000
00000000
00000000
00000000
00000000
00000000
00000000
00101111
01111100
01111110
01111110
01111110
01011110
01011111
01111110
01111110
01111110
01111110
01111110
01111110
01111110
01111110
01111110
00100100
00000101
00000000
00000000
00000000
00000000
00000000
00000000
00000000
00000000
00000000
00000000
00110110
01111110
01111110
01110100
00100100
00000101
00000110
00100100
00100100
01100010
01111000
01111110
01111110
01111110
01111110
01111110
01111110
01001010
00000110
00000000
00000000
00000000
00000000
00000000
00000000
00000000
00000000
00000000
00110110
01111110
01111110
00110110
00000000
00000000
00000000
00000000
00000000
00010101
01101110
01111110
01111110
01111110
01111110
01111110
01111110
01111110
01001101
00000000
00000000
00000000
00000000
00000000
00000000
00000000
00000000
00000000
00000000
01101101
01111110
01111110
00110110
00001000
00000000
00100000
01010110
01111110
01111110
01111110
01111111
00111100
00110100
01101000
01111111
01111110
01101100
00000000
00000000
00000000
00000000
00000000
00000000
00000000
00000000
00000000
00000000
00101110
01111110
01111110
01111110
01101111
01101100
01110110
01111110
01111110
01111110
01101001
00111100
00000010
00000000
00001010
00010010
01010000
00100100
00000000
00000000
00000000
00000000
00000000
00000000
00000000
00000000
00000000
00000000
00001010
00101110
01110110
01111110
01111110
01111110
01111110
01111110
01101110
00111000
00010000
00000000
00000000
00000000
00000000
00000000
00000000
00000000
00000000
00000000
00000000
00000000
00000000
00000000
00000000
00000000
00000000
00000000
00000000
00000000
00011111
01010100
01111110
01111110
01111110
00110110
00001000
00000000
00000000
00000000
00000000
00000000
00000000
00000000
00000000
00000000
00000000
00000000
00000000
00000000
00000000
00000000
00000000
00000000
00000000
00000000
00000000
00000000
00000000
00000000
00000000
00000000
00000000
00000000
00000000
00000000
00000000
00000000
00000000
00000000
00000000
00000000
00000000
00000000
00000000
00000000
00000000
00000000
00000000
00000000
00000000
00000000
00000000
00000000
00000000
00000000
00000000
00000000
00000000
00000000
00000000
00000000
00000000
00000000
00000000
00000000
00000000
00000000
00000000
00000000
00000000
00000000
00000000
00000000
00000000
00000000
00000000
00000000
00000000
00000000
00000000
00000000
00000000
00000000
00000000
00000000
00000000
00000000
00000000
00000000
00000000
00000000
00000000
00000000
00000000
00000000
00000000
00000000
00000000
00000000
00000000
00000000
00000000
00000000
00000000
00000000
00000000
00000000
00000000
00000000
00000000
00000000
00000000
00000000
00000000
00000000
00000000
00000000
00000000
00000000
00000000
00000000
00000000
00000000
00000000
00000000
00000000
00000000
00000000
00000000
00000000
00000000
00000000
