00000000
00000000
00000000
00000000
00000000
00000000
00000000
00000000
00000000
00000000
00000000
00000000
00000000
00000000
00000000
00000000
00000000
00000000
00000000
00000000
00000000
00000000
00000000
00000000
00000000
00000000
00000000
00000000
00000000
00000000
00000000
00000000
00000000
00000000
00000000
00000000
00000000
00000000
00000000
00000000
00000000
00000000
00000000
00000000
00000000
00000000
00000000
00000000
00000000
00000000
00000000
00000000
00000000
00000000
00000000
00000000
00000000
00000000
00000000
00000000
00000000
00000000
00000000
00000000
00000000
00000000
00000000
00000000
00000000
00000000
00000000
00000000
00000000
00000000
00000000
00000000
00000000
00000000
00000000
00000000
00000000
00000000
00000000
00000000
00000000
00000000
00000000
00000000
00000000
00000000
00000000
00000000
00000000
00000000
00000000
00000000
00000000
00000000
00000000
00000000
00000000
00000000
00000000
00000000
00000000
00000000
00000000
00000000
00000000
00000000
00000000
00000000
00000000
00000000
00000000
00000000
00000000
00000000
00000000
00000000
00000000
00000000
00000000
00000000
00000000
00000000
00000000
00000000
00000000
00000000
00000000
00000000
00000000
00000000
00000000
00000000
00000000
00000000
00000000
00000000
00000000
00000000
00000000
00000000
00000000
00000000
00000000
00000000
00000000
00011000
00111110
00001010
00000000
00000000
00000000
00000000
00000000
00000000
00000000
00000000
00000000
00000000
00000000
00000000
00000000
00000000
00000000
00000000
00000000
00000000
00000000
00000000
00000000
00000000
00000000
00111000
01111000
01111101
01111110
01010010
00000000
00000000
00000000
00000000
00000000
00000000
00000000
00000000
00000000
00000000
00000000
00000000
00000000
00000000
00000000
00000000
00000000
00000000
00000000
00000000
00000000
00011100
01010110
01111110
01111110
01101001
01000111
00001110
00000000
00000000
00000000
00000000
00000000
00000000
00000000
00000000
00000000
00000100
00111000
00011010
00000000
00000000
00000000
00000000
00000000
00000000
00000000
00000000
00000000
00111110
01111110
01111110
01001110
00000110
00000000
00000000
00000000
00000000
00000000
00000000
00000000
00000000
00000000
00000000
00001100
01110110
01111110
01111010
01010100
00000000
00000000
00000000
00000000
00000000
00000000
00000000
00000000
01010111
01111110
01101001
00001100
00000000
00000000
00000000
00000000
00000000
00000000
00000000
00000000
00000000
00000000
00000110
01011010
01111110
01111110
01111110
01100110
00000000
00000000
00000000
00000000
00000000
00000000
00000000
00000000
01111111
01111110
01000111
00000000
00000000
00000000
00000000
00000000
00000000
00000000
00000000
00000000
00000000
00001000
01011010
01111110
01111011
00101100
00010000
00001000
00000000
00000000
00000000
00000000
00000000
00000000
00000000
00000000
01111111
01111110
00110010
00000000
00000000
00000000
00000000
00000000
00000000
00000000
00000000
00000000
00000000
00101010
01111110
01111110
01110101
00000000
00000000
00000000
00000000
00000000
00000000
00000000
00000000
00000000
00000000
00000000
01101011
01111110
00011010
00000000
00000000
00000000
00000000
00000000
00000000
00000000
00000000
00000000
00001000
01100010
01111110
01111110
01000000
00000000
00000000
00000000
00000000
00000000
00000000
00000000
00000000
00000000
00000000
00000000
00111110
01111110
01110100
00011010
00000000
00000000
00000000
00000000
00000000
00000000
00000000
00000000
00010111
01111110
01111110
01110100
00001010
00000000
00000000
00000000
00000000
00000000
00000000
00000000
00000000
00000000
00000000
00000000
00001110
01101100
01111110
01011000
00010100
00000000
00000000
00000000
00000000
00000000
00000000
00000000
01001001
01111110
01111110
01100000
00000000
00000000
00000000
00000000
00000000
00000000
00000000
00000000
00000000
00000000
00000000
00000000
00000000
00001111
01101011
01111110
01110010
00100110
00010100
00000000
00000000
00000000
00000000
00000000
01011000
01111110
01111011
00100110
00000000
00000000
00000000
00000000
00000000
00000000
00000000
00000000
00000000
00000000
00000000
00000000
00000000
00000000
00010000
01101010
01111110
01111110
01110011
01011100
01011100
00101001
00011010
00101000
01110100
01111110
01110010
00001010
00000000
00000000
00000000
00000000
00000000
00000000
00000000
00000000
00000000
00000000
00000000
00000000
00000000
00000000
00000000
00101011
01110000
01111110
01111110
01111110
01111110
01111110
01111110
01111110
01111110
01111110
01111100
00101000
00000000
00000000
00000000
00000000
00000000
00000000
00000000
00000000
00000000
00000000
00000000
00000000
00000000
00000000
00000000
00000000
00010000
00101010
01100001
01101011
01101011
01110000
01111110
01111110
01111110
01111110
01000010
00000000
00000000
00000000
00000000
00000000
00000000
00000000
00000000
00000000
00000000
00000000
00000000
00000000
00000000
00000000
00000000
00000000
00000000
00000000
00000000
00000000
00000000
00001100
00101110
01101000
01111110
01111110
00101110
00000000
00000000
00000000
00000000
00000000
00000000
00000000
00000000
00000000
00000000
00000000
00000000
00000000
00000000
00000000
00000000
00000000
00000000
00000000
00000000
00000000
00000000
00000000
00000000
00110100
01111110
01111110
00101110
00000000
00000000
00000000
00000000
00000000
00000000
00000000
00000000
00000000
00000000
00000000
00000000
00000000
00000000
00000000
00000000
00000000
00000000
00000000
00000000
00000000
00000000
00000000
00000000
00001011
01101000
01111110
00110010
00000000
00000000
00000000
00000000
00000000
00000000
00000000
00000000
00000000
00000000
00000000
00000000
00000000
00000000
00000000
00000000
00000000
00000000
00000000
00000000
00000000
00000000
00000000
00000000
00000000
01010100
01111110
01111000
01000001
00000011
00000000
00000000
00000000
00000000
00000000
00000000
00000000
00000000
00000000
00000000
00000000
00000000
00000000
00000000
00000000
00000000
00000000
00000000
00000000
00000000
00000000
00000000
00000000
00010110
01111100
01111110
01111110
01010100
00000000
00000000
00000000
00000000
00000000
00000000
00000000
00000000
00000000
00000000
00000000
00000000
00000000
00000000
00000000
00000000
00000000
00000000
00000000
00000000
00000000
00000000
00000000
00000000
00000000
00101000
00111000
00000000
00000000
00000000
00000000
00000000
00000000
00000000
00000000
00000000
00000000
00000000
00000000
00000000
00000000
00000000
00000000
00000000
00000000
00000000
00000000
00000000
00000000
00000000
00000000
00000000
00000000
00000000
00000000
00000000
00000000
00000000
00000000
00000000
00000000
00000000
00000000
00000000
00000000
00000000
00000000
00000000
00000000
00000000
00000000
00000000
00000000
00000000
00000000
00000000
00000000
00000000
00000000
00000000
00000000
00000000
00000000
00000000
00000000
00000000
00000000
00000000
00000000
00000000
00000000
00000000
00000000
00000000
00000000
00000000
00000000
00000000
00000000
00000000
00000000
00000000
00000000
00000000
00000000
00000000
00000000
00000000
00000000
00000000
00000000
00000000
00000000
00000000
00000000
00000000
00000000
00000000
