00000000
00000000
00000000
00000000
00000000
00000000
00000000
00000000
00000000
00000000
00000000
00000000
00000000
00000000
00000000
00000000
00000000
00000000
00000000
00000000
00000000
00000000
00000000
00000000
00000000
00000000
00000000
00000000
00000000
00000000
00000000
00000000
00000000
00000000
00000000
00000000
00000000
00000000
00000000
00000000
00000000
00000000
00000000
00000000
00000000
00000000
00000000
00000000
00000000
00000000
00000000
00000000
00000000
00000000
00000000
00000000
00000000
00000000
00000000
00000000
00000000
00000000
00000000
00000000
00000000
00000000
00000000
00000000
00000000
00000000
00000000
00000000
00000000
00000000
00000000
00000000
00000000
00000000
00000000
00000000
00000000
00000000
00000000
00000000
00000000
00000000
00000000
00000000
00000000
00000000
00000000
00000000
00000000
00000000
00000000
00000000
00000000
00000000
00000000
00000000
00000000
00000000
00000000
00000000
00000000
00000000
00000000
00000000
00000000
00000000
00000000
00000000
00000000
00000000
00000000
00000000
00000000
00000000
00000000
00000000
00000000
00011001
01001010
01111111
01011000
00110100
00110100
00110100
00100000
00000000
00000000
00000000
00000000
00000000
00000000
00000000
00000000
00000000
00000000
00000000
00000000
00000000
00000000
00000000
00000000
00000000
00000000
00000000
00011000
01110011
01111110
01111110
01111110
01111110
01111110
01111110
01110110
01010111
00011110
00010000
00000000
00000000
00000000
00000000
00000000
00000000
00000000
00000000
00000000
00000000
00000000
00000000
00000000
00000000
00000000
00011000
01101111
01111110
01111110
01111110
01111110
01111110
01111110
01111110
01111111
01111110
01111110
01101010
00111100
00000010
00000000
00000000
00000000
00000000
00000000
00000000
00000000
00000000
00000000
00000000
00000000
00000000
00000000
01101000
01111110
01111110
01111110
01111110
01111110
01111110
01111110
01111110
01111111
01111110
01111110
01111110
01111110
01001000
00000000
00000000
00000000
00000000
00000000
00000000
00000000
00000000
00000000
00000000
00000000
00000000
00000000
01101000
01111110
01111110
01111110
01111110
01101010
00010010
00001110
00111011
01011010
01100010
01111110
01111110
01111110
01111101
01001000
00000010
00000000
00000000
00000000
00000000
00000000
00000000
00000000
00000000
00000000
00000000
00100110
01111000
01111110
01111110
01111110
01110100
00010010
00000000
00000000
00000000
00000000
00001001
00101010
01110110
01111110
01111110
01111110
00010000
00000000
00000000
00000000
00000000
00000000
00000000
00000000
00000000
00000000
00000000
00110100
01111110
01111110
01111110
01111110
01001000
00000000
00000000
00000000
00000000
00000000
00000000
00000000
00111100
01111110
01111110
01111110
01101010
00010000
00000000
00000000
00000000
00000000
00000000
00000000
00000000
00000000
00000000
01111100
01111110
01111110
01111110
01111110
01101100
00000000
00000000
00000000
00000000
00000000
00000000
00000000
00000100
00101010
01111110
01111110
01111110
01100100
00000000
00000000
00000000
00000000
00000000
00000000
00000000
00000000
00000000
01111111
01111110
01111110
01111110
01111110
01111011
00101110
00000000
00000000
00000000
00000000
00000000
00000000
00000000
00001001
01100010
01111110
01111110
01101000
00000000
00000000
00000000
00000000
00000000
00000000
00000000
00000000
00000000
01111111
01111110
01111110
01111110
01111110
01111110
00111100
00000000
00000000
00000000
00000000
00000000
00000000
00000000
00000000
01011010
01111110
01111110
01101000
00000000
00000000
00000000
00000000
00000000
00000000
00000000
00000000
00000000
01100001
01111111
01111111
01111111
01111111
01111111
00111100
00000000
00000000
00000000
00000000
00000000
00000000
00000000
00000000
00010000
01111111
01111111
01111111
00110100
00000000
00000000
00000000
00000000
00000000
00000000
00000000
00000000
00110100
01111110
01111110
01111110
01100100
01011000
00001010
00000000
00000000
00000000
00000000
00000000
00000000
00000000
00000000
00100001
01111110
01111110
01111110
00110100
00000000
00000000
00000000
00000000
00000000
00000000
00000000
00000000
00110100
01111110
01111110
01111110
00001110
00000000
00000000
00000000
00000000
00000000
00000000
00000000
00000000
00000000
00000000
01011010
01111110
01111110
01110000
00010010
00000000
00000000
00000000
00000000
00000000
00000000
00000000
00000000
00110100
01111110
01111110
01111110
00001110
00000000
00000000
00000000
00000000
00000000
00000000
00000000
00000000
00000000
00010010
01101011
01111110
01111110
01101000
00000000
00000000
00000000
00000000
00000000
00000000
00000000
00000000
00000000
00000110
01101011
01111110
01111110
01010000
00000000
00000000
00000000
00000000
00000000
00000000
00000000
00000000
00010010
01101100
01111110
01111110
01111110
01010010
00000000
00000000
00000000
00000000
00000000
00000000
00000000
00000000
00000000
00000000
01101000
01111110
01111110
01110100
01010001
00001000
00000000
00000000
00000000
00000000
00000100
00010100
01101011
01111110
01111110
01111110
01110000
00011010
00000000
00000000
00000000
00000000
00000000
00000000
00000000
00000000
00000000
00000000
01000001
01111110
01111110
01111110
01111110
01011111
01000011
00011100
01000011
01000100
01010010
01111110
01111110
01111110
01111110
01111110
00000111
00000000
00000000
00000000
00000000
00000000
00000000
00000000
00000000
00000000
00000000
00000000
00000010
00111010
01111110
01111110
01111110
01111110
01111110
01111010
01111110
01111111
01111110
01111110
01111110
01111110
01010110
00000111
00000000
00000000
00000000
00000000
00000000
00000000
00000000
00000000
00000000
00000000
00000000
00000000
00000000
00000010
01000000
01111100
01111110
01111110
01111110
01111110
01111110
01111111
01111110
01111110
01110100
01010010
00001000
00000000
00000000
00000000
00000000
00000000
00000000
00000000
00000000
00000000
00000000
00000000
00000000
00000000
00000000
00000000
00000000
00101110
00111101
01111110
01111110
01111110
01111110
01111111
01101100
00110100
00011100
00000000
00000000
00000000
00000000
00000000
00000000
00000000
00000000
00000000
00000000
00000000
00000000
00000000
00000000
00000000
00000000
00000000
00000000
00000000
00000000
00000000
00000000
00000000
00000000
00000000
00000000
00000000
00000000
00000000
00000000
00000000
00000000
00000000
00000000
00000000
00000000
00000000
00000000
00000000
00000000
00000000
00000000
00000000
00000000
00000000
00000000
00000000
00000000
00000000
00000000
00000000
00000000
00000000
00000000
00000000
00000000
00000000
00000000
00000000
00000000
00000000
00000000
00000000
00000000
00000000
00000000
00000000
00000000
00000000
00000000
00000000
00000000
00000000
00000000
00000000
00000000
00000000
00000000
00000000
00000000
00000000
00000000
00000000
00000000
00000000
00000000
00000000
00000000
00000000
00000000
00000000
00000000
00000000
00000000
00000000
00000000
00000000
00000000
00000000
00000000
00000000
00000000
00000000
00000000
00000000
00000000
00000000
00000000
00000000
00000000
00000000
00000000
00000000
00000000
00000000
00000000
00000000
00000000
00000000
00000000
