00000000
00000000
00000000
00000000
00000000
00000000
00000000
00000000
00000000
00000000
00000000
00000000
00000000
00000000
00000000
00000000
00000000
00000000
00000000
00000000
00000000
00000000
00000000
00000000
00000000
00000000
00000000
00000000
00000000
00000000
00000000
00000000
00000000
00000000
00000000
00000000
00000000
00000000
00000000
00000000
00000000
00000000
00000000
00000000
00000000
00000000
00000000
00000000
00000000
00000000
00000000
00000000
00000000
00000000
00000000
00000000
00000000
00000000
00000000
00000000
00000000
00000000
00000000
00000000
00000000
00000000
00000000
00000000
00000000
00000000
00000000
00000000
00000000
00000000
00000000
00000000
00000000
00000000
00000000
00000000
00000000
00000000
00000000
00000000
00000000
00000000
00000000
00000000
00000000
00000000
00000000
00000000
00000000
00000000
00000000
00000000
00000000
00000000
00000000
00000000
00000000
00000000
00000000
00000000
00000000
00000000
00000000
00000000
00000000
00000000
00000000
00000000
00000000
00000000
00000000
00000000
00000000
00000000
00000000
00000000
00000000
00000000
00000000
00000000
00000000
00000000
00111101
01111111
01111111
01101010
00111100
00010000
00000000
00000000
00000000
00000000
00000000
00000000
00000000
00000000
00000000
00000000
00000000
00000000
00000000
00000000
00000000
00000000
00000000
00000000
00000000
00000000
00000000
00000000
00000011
01011100
01111110
01111110
01111110
01001000
00010001
00000000
00000000
00000000
00000000
00000000
00000000
00000000
00000000
00000000
00000000
00000000
00000000
00000000
00000000
00000000
00000000
00000000
00000000
00000000
00000000
00000000
00110000
01010000
01111110
01111110
01111110
01111110
01100100
00000000
00000000
00000000
00000000
00000000
00000000
00000000
00000000
00000000
00000000
00000000
00000000
00000000
00000000
00000000
00000000
00000000
00000000
00000000
00000110
01101011
01111111
01111110
01011010
00011110
01010011
01111110
01111100
00111101
00000000
00000000
00000000
00000000
00000000
00000000
00000000
00000000
00000000
00000000
00000000
00000000
00000000
00000000
00000000
00000000
00000000
00000100
01001010
01111110
01111111
01000010
00000011
00000000
00000111
01100100
01111110
01110001
00000000
00000000
00000000
00000000
00000000
00000000
00000000
00000000
00000000
00000000
00000000
00000000
00000000
00000000
00000000
00000000
00000100
01001000
01111110
01111110
01010010
00000010
00000000
00000000
00000000
01011110
01111110
01111011
00101000
00000000
00000000
00000000
00000000
00000000
00000000
00000000
00000000
00000000
00000000
00000000
00000000
00000000
00000000
00000100
01001000
01111110
01111110
01110100
00010101
00000000
00000000
00000000
00000000
00110000
01111110
01111110
00110110
00000000
00000000
00000000
00000000
00000000
00000000
00000000
00000000
00000000
00000000
00000000
00000000
00000000
00000000
00100010
01111110
01111110
01111010
00010110
00000000
00000000
00000000
00000000
00000000
00011011
01111110
01111110
00110110
00000000
00000000
00000000
00000000
00000000
00000000
00000000
00000000
00000000
00000000
00000000
00000000
00000000
00011000
01110001
01111110
01111010
01001110
00000000
00000000
00000000
00000000
00000000
00000000
00011110
01111110
01111110
00110110
00000000
00000000
00000000
00000000
00000000
00000000
00000000
00000000
00000000
00000000
00000000
00000000
00010110
01110010
01111110
01111110
00101110
00000000
00000000
00000000
00000000
00000000
00000000
00000000
01011110
01111110
01111110
00110110
00000000
00000000
00000000
00000000
00000000
00000000
00000000
00000000
00000000
00000000
00000000
00000000
01001000
01111111
01111111
01101011
00000000
00000000
00000000
00000000
00000000
00000000
00000000
00000000
01011110
01111111
01111111
00110110
00000000
00000000
00000000
00000000
00000000
00000000
00000000
00000000
00000000
00000000
00000000
00101101
01111110
01111110
01110011
00011010
00000000
00000000
00000000
00000000
00000000
00000000
00000000
00001110
01101100
01111110
01110010
00000011
00000000
00000000
00000000
00000000
00000000
00000000
00000000
00000000
00000000
00000000
00000000
00101111
01111110
01111110
01001011
00000000
00000000
00000000
00000000
00000000
00000000
00000000
00001111
01101000
01111110
01111110
01110001
00000000
00000000
00000000
00000000
00000000
00000000
00000000
00000000
00000000
00000000
00000000
00000000
01101000
01111110
01110100
00010110
00000000
00000000
00000000
00000000
00000000
00000000
00000000
00111110
01111110
01111110
01101110
00010010
00000000
00000000
00000000
00000000
00000000
00000000
00000000
00000000
00000000
00000000
00000000
00001110
01110101
01111110
01001100
00000000
00000000
00000000
00000000
00000000
00000000
00001110
01011110
01111010
01111110
01100110
00101011
00000000
00000000
00000000
00000000
00000000
00000000
00000000
00000000
00000000
00000000
00000000
00000000
00001110
01110101
01111110
01001100
00000000
00000000
00000000
00000000
00001110
00111011
01101100
01111110
01111110
01101010
00011010
00000000
00000000
00000000
00000000
00000000
00000000
00000000
00000000
00000000
00000000
00000000
00000000
00000000
00000000
01110010
01111110
01110100
00100110
00010100
00011100
01010111
01101100
01111111
01111110
01111110
01011000
00001000
00000000
00000000
00000000
00000000
00000000
00000000
00000000
00000000
00000000
00000000
00000000
00000000
00000000
00000000
00000000
01000111
01111110
01111110
01111110
01111110
01111110
01111110
01111110
01111111
01111001
01011000
00001000
00000000
00000000
00000000
00000000
00000000
00000000
00000000
00000000
00000000
00000000
00000000
00000000
00000000
00000000
00000000
00000000
00101100
01111010
01111110
01111110
01111110
01111110
01111110
01111000
01011000
00011111
00000000
00000000
00000000
00000000
00000000
00000000
00000000
00000000
00000000
00000000
00000000
00000000
00000000
00000000
00000000
00000000
00000000
00000000
00000000
00010011
00111100
01001010
01111110
01111000
00111001
00000000
00000000
00000000
00000000
00000000
00000000
00000000
00000000
00000000
00000000
00000000
00000000
00000000
00000000
00000000
00000000
00000000
00000000
00000000
00000000
00000000
00000000
00000000
00000000
00000000
00000000
00000000
00000000
00000000
00000000
00000000
00000000
00000000
00000000
00000000
00000000
00000000
00000000
00000000
00000000
00000000
00000000
00000000
00000000
00000000
00000000
00000000
00000000
00000000
00000000
00000000
00000000
00000000
00000000
00000000
00000000
00000000
00000000
00000000
00000000
00000000
00000000
00000000
00000000
00000000
00000000
00000000
00000000
00000000
00000000
00000000
00000000
00000000
00000000
00000000
00000000
00000000
00000000
00000000
00000000
00000000
00000000
00000000
00000000
00000000
00000000
00000000
00000000
00000000
00000000
00000000
00000000
00000000
00000000
00000000
00000000
00000000
00000000
00000000
00000000
00000000
00000000
00000000
00000000
00000000
00000000
00000000
00000000
00000000
00000000
00000000
00000000
00000000
00000000
00000000
00000000
00000000
00000000
00000000
00000000
00000000
00000000
00000000
00000000
00000000
00000000
00000000
